15
1  1.0  0.969069597069597  0.9674212454212454  0.9718021978021978  0.9772307692307692  0.9782857142857143  0.9818901098901099  0.984007326007326  0.9852600732600733  0.9867472527472527  0.9868498168498169  0.9866080586080586  0.98592673992674  0.9869304029304029  0.9853040293040293  
2  0.969069597069597  1.0  0.9723736263736263  0.9762930402930403  0.9745128205128205  0.9808278388278389  0.9791941391941392  0.9833992673992674  0.9854871794871795  0.9867399267399267  0.9843443223443223  0.9862344322344322  0.9856483516483516  0.9856483516483516  0.9835604395604396  
3  0.9674212454212454  0.9723736263736263  1.0  0.9688205128205128  0.9776043956043956  0.9750989010989011  0.9829523809523809  0.9825860805860805  0.9856336996336996  0.9873699633699634  0.9858754578754578  0.9861978021978022  0.9878241758241758  0.9884395604395605  0.9851355311355311  
4  0.9718021978021978  0.9762930402930403  0.9688205128205128  1.0  0.974981684981685  0.9747252747252747  0.9814725274725274  0.981956043956044  0.9846886446886447  0.9866227106227107  0.9857875457875458  0.9863882783882784  0.9867106227106227  0.9883296703296703  0.9847545787545787  
5  0.9772307692307692  0.9745128205128205  0.9776043956043956  0.974981684981685  1.0  0.9785201465201465  0.9778608058608058  0.9801611721611722  0.982989010989011  0.982981684981685  0.9852747252747253  0.9877875457875458  0.9858827838827838  0.9872967032967033  0.9802490842490843  
6  0.9782857142857143  0.9808278388278389  0.9750989010989011  0.9747252747252747  0.9785201465201465  1.0  0.9805421245421245  0.9778388278388278  0.9814652014652014  0.984021978021978  0.983948717948718  0.9837509157509158  0.9853260073260073  0.9863956043956044  0.9825860805860805  
7  0.9818901098901099  0.9791941391941392  0.9829523809523809  0.9814725274725274  0.9778608058608058  0.9805421245421245  1.0  0.9786153846153847  0.9788205128205129  0.9798095238095238  0.979985347985348  0.9816996336996336  0.9849450549450549  0.9838461538461538  0.9816996336996336  
8  0.984007326007326  0.9833992673992674  0.9825860805860805  0.981956043956044  0.9801611721611722  0.9778388278388278  0.9786153846153847  1.0  0.9798754578754578  0.9782930402930403  0.9815311355311356  0.98196336996337  0.9821758241758242  0.9804249084249084  0.9805054945054945  
9  0.9852600732600733  0.9854871794871795  0.9856336996336996  0.9846886446886447  0.982989010989011  0.9814652014652014  0.9788205128205129  0.9798754578754578  1.0  0.9765128205128205  0.9774871794871794  0.9784322344322345  0.9774139194139194  0.9781172161172161  0.9811501831501831  
10  0.9867472527472527  0.9867399267399267  0.9873699633699634  0.9866227106227107  0.982981684981685  0.984021978021978  0.9798095238095238  0.9782930402930403  0.9765128205128205  1.0  0.9772967032967033  0.9763589743589743  0.9754945054945054  0.9751721611721612  0.979912087912088  
11  0.9868498168498169  0.9843443223443223  0.9858754578754578  0.9857875457875458  0.9852747252747253  0.983948717948718  0.979985347985348  0.9815311355311356  0.9774871794871794  0.9772967032967033  1.0  0.9751062271062271  0.9767545787545787  0.9745567765567765  0.9785347985347985  
12  0.9866080586080586  0.9862344322344322  0.9861978021978022  0.9863882783882784  0.9877875457875458  0.9837509157509158  0.9816996336996336  0.98196336996337  0.9784322344322345  0.9763589743589743  0.9751062271062271  1.0  0.9733699633699634  0.9714358974358974  0.978  
13  0.98592673992674  0.9856483516483516  0.9878241758241758  0.9867106227106227  0.9858827838827838  0.9853260073260073  0.9849450549450549  0.9821758241758242  0.9774139194139194  0.9754945054945054  0.9767545787545787  0.9733699633699634  1.0  0.9703296703296703  0.9755311355311356  
14  0.9869304029304029  0.9856483516483516  0.9884395604395605  0.9883296703296703  0.9872967032967033  0.9863956043956044  0.9838461538461538  0.9804249084249084  0.9781172161172161  0.9751721611721612  0.9745567765567765  0.9714358974358974  0.9703296703296703  1.0  0.9764102564102564  
15  0.9853040293040293  0.9835604395604396  0.9851355311355311  0.9847545787545787  0.9802490842490843  0.9825860805860805  0.9816996336996336  0.9805054945054945  0.9811501831501831  0.979912087912088  0.9785347985347985  0.978  0.9755311355311356  0.9764102564102564  1.0  
